
Waiting for mission to end  Cumulative Reward:  -44584.08996562501
All rewards:
 [-1601.92638, -1450.25122, -1485.5375800000002, -1641.2272000000003, -1854.0000
599999998, -1414.32004, -1917.8448, -1360.0336, -1609.56482, -1302.4736, -1350.5
4564, 704.0192119999999, -1599.2223800000002, -1124.0, -1636.4847860000002, -121
7.7776, -1426.2512000000002, 961.04, -1257.78564, -1188.235192, -1194.188786, 10
60.206405, -1181.191994, -1429.23522, -1217.2703999999999, -1282.24642, -1206.40
48, 1021.048, -1225.135964, 608.7456055, -1297.0, -1100.992036, -55.479996000000
03, -1145.68641, -1504.98719, 1281.0000049999999, -1063.68322, 981.5136045, -118
2.5584, -1089.16, 578.929605, -1290.7087980000001, 912.584005, 1060.356805, 770.
585595, -1413.0, 789.6239985, 873.7424050000001, -1271.16, -1440.63998, 1133.889
6, 1157.380807, -946.654408, 864.3567999999999, -1265.50882, -1061.01282, -1134.
4736, -1071.00002, 857.8928155000001, -1042.7488, -1200.55358, -1182.16, 1129.70
88, -1058.34402, -1275.4736, -1043.395206, 1314.7728, -1219.176, 1000.6640085, -
1340.924788, 972.095995, -1400.5040199999999, -1084.0, 1182.236805, -1173.351986
0000001, -1241.73116, -1435.20478, -1117.232006, -1337.5584, -1515.0, 939.592005
, 632.248, -1180.96638, -1321.0, -1327.7312, -1302.59676, -1077.2736, -1069.1728
, -1084.00002, -277.99999999999994, -1146.6416, -1409.6624299999999, 1250.0016,
-1090.48482, -1234.18878, -1277.1728, -1301.4736, -881.32003, -1204.55524, -1121
.6912, -1280.85278, -1307.1599999999999, 1305.16, -1290.5999818, -1099.057616, -
1285.0287899999998, 1022.7728099999999, -1068.195192, -1284.0, -1113.900788, -11
01.7087999999999, -849.923202, -1178.16, 1260.1184, -955.537594, -1190.0, -1160.
579256, -1014.6351896, 1067.009606, 457.1023924350002, -1237.87682, 1091.766407,
 -1240.9376, -1013.367992, 1124.937595, -1204.3264199999999, -1229.23523, 1109.3
48805, -1256.9376, -1142.48639, -1291.923214, -1404.22722, -1366.85284, -1147.75
1986, -1102.3424, -1226.1824199999999, -1420.4144000000001, -1128.4735799999999,
 -1251.00002, 1319.6624, -962.54398, -795.2367859999999, -1157.58716, -1071.2576
04, -1187.47362, -991.93279, -1106.29442, 1271.7728, -1158.7087999999999, -987.3
61592, -1311.04158, 1218.340805, -1162.89436, -1134.85122, -1212.5744, -1236.395
2199999999, -1197.79358, -1240.61602, 877.734395, -1363.585628, -1163.0576, -115
3.27041, -1435.55522, -988.2512, 824.62401, 1068.3232045, 1156.57601, 1272.0, -1
026.68164, -1071.280012, -1165.74724, 1311.8192, -1308.98562, 1322.3408100000001
, 1185.5760137, 847.6672055, -977.64962, 761.5856046499999, 1277.5439999999999,
-1138.358368, 1196.7728, -1178.21606, 1158.584005, 910.6944025, 1306.54399999999
99, 1188.889611, 1169.256005, 756.313606, -1306.0, -1011.617634, 1069.9728, 1190
.812805, -926.860806, -1317.7184200000002, -973.750416, 1202.6944, 1306.69439999
99999, 920.9775950000001, 990.812814, -1454.82402, 1310.308805, 575.241600000000
1, -1250.96, 1004.057602, -1141.09758, 1038.2064028, -1032.612808, -1247.01282,
-1260.0, -1089.217576, -984.33922, 1080.1584, -1161.56001, 1083.04000975, 852.72
9606, 1023.694405, 1053.276805, -1495.1807999999999, 1024.7967935, -1192.64962,
-1133.0911800000001, 1340.0, -1192.56, -1000.1456000000001, 1049.8927975, 989.73
44, 955.390408, 1145.5072, -1232.0079799999999, 1212.6944075000001, 1186.0000049
999999, 1199.473605, -1023.248012, -1005.393594, -1095.4272, -1254.008029, 943.9
72805, 1165.414403, 1136.340808, 1232.040005, -1037.1168, 1077.512005, 1114.1184
1, 1182.814405, 1093.804805, -962.363204, 1052.412795, 1195.198405, 1141.5984, 9
63.9264102, 1124.5439999999999, 852.5792, 1161.0400085, -1072.5552400000001, 118
3.7728, 1054.396805, 955.9808047, -1124.33282756, 1183.206395, 1173.81281, 1168.
467205, 1068.9296, 1188.0, 1238.067205, 1151.348805, 1218.889605, 1083.81601, -1
034.236867, 1042.323211, 1084.96321, 1315.0000049999999, 1314.3088050000001, 105
4.4224000000002, 1103.46721, -977.80962, -936.2239999999999, -1054.16, -1234.0,
-1130.2895800000001, 1133.158405, -1027.60158, -1291.8688200000001, 1270.5840050
000002, -1219.5584, -1414.76316, 1007.4303950000001, -1205.436806, -1140.43676,
903.198408, 1210.6944, 1107.369605, 1122.460806, 1116.7904025, -1315.640032, -13
09.0, 1180.6240050000001, -973.7104400000001, 1201.5919935, 1125.6720050000001,
1058.0512075000001, -975.504026, 1207.6944, 1240.13761, 1134.008008, 1033.7024,
1188.2928025, 1169.649605, 1258.8896, 933.840005, 1361.0, -1255.1888000000001, -
1088.30402, 1099.639995, 1230.395209, 1216.8128, -1014.8095999999999, -1303.6592
, -979.16159, 1220.929603, 1232.6544099999999, 1121.561612, 1200.8528099999999,
1039.0096, 1078.50561, 1156.65761, 1058.36640475, 1152.0880085, -961.036798, -10
26.10238, -1221.9536, 1079.7808035, -1047.192, 1220.1424, 1276.1984, -1138.06087
4, -1194.5056140000002, -1182.5887956, -1216.8463880000002, 885.2912, 981.4816,
1136.726408, -1165.49602, 1033.640013, -1064.93282, -1056.27679, -1280.012839999
9999, -1078.76322, 1114.040005, -1163.82562, 1299.0, -1266.593606, -943.78240399
99999, 965.742395, -1168.0, 1126.0960049999999, 1177.08959, -1131.2864028, 1129.
39999, 1291.1584, -1039.764772, -1065.98242, 899.9295999999999, 1331.11839999999
98, 1271.9696, 1276.889605, 1165.70399, 1179.9296, 1148.6544, -1158.436835999999
9, 983.88961365, 1128.6016015999999, 1178.35681, 1150.126405, 1299.686405, 1212.
7728, 1090.6544, 1167.348805, -1062.3952, -942.907202, 1119.348805, -1089.7184,
1134.7344, -1011.5056000000001, -1074.822392, 1103.945595, 1206.0479975, 1251.65
44, -1131.49602, 1360.6943999999999, -1099.5648, 1220.040005, -1017.52796, 1205.
7728, 1254.4207999999999, 1060.8608, -983.71838, 1143.8896, 1327.1183999999998,
1154.939195, 1248.1184]



Waiting for mission to end  Cumulative Reward:  1517511.685273972

 [-1567.435256, -1190.00002, -942.25442, -1278.3599920000001, -1404.353600000000
1, -1557.82884, -909.372832, -1439.915186, 873.0559999999999, 929.0800029999999,
 -1088.0336, 1066.0656, 903.4800043, -1050.060862, -1184.0, -1268.9376, -1085.99
84, -758.20801532, 1142.7728, 648.13601, 1013.9295999999999, 1062.000005, 1068.0
, -1159.0, 965.3936, -1132.74562, 596.0000049999999, 849.040004, 1283.1184, 1167
.04, -1484.0, -1478.0, -1266.0, 811.8288025, 1130.128, 1264.0, 843.2592000000001
, 1243.472, 1145.8912, 1293.04, 1306.0, -1178.0, 1254.6944025, 1206.4736015, 119
7.1184, 1169.0, 1070.8896, 1332.0, 1187.0, 1173.0, 1127.0, 1144.787205, 1231.0,
1114.0, 1014.0, 982.04, 1201.0, 1201.0, 1172.0, 1222.0, 1157.929603, 1324.0, 108
5.5760035, 1160.0, 1070.0, 1196.472, 1064.0, 1213.0, -1198.98084, 925.8512029999
999, 1314.0, 1227.0, -1264.0, -1004.473606, 1095.4192, 1180.04, 1176.0, 1201.0,
1186.0, 1168.6944, 1139.0, 1179.04, 1144.4272, -1166.6176, 1271.1184, 1139.544,
1091.0, 1127.804805, 1168.9616, 1118.844805, 1187.1184, 1140.3536, 1170.5760035,
 1193.8896, 1000.4272, 1208.0, 1138.0, 1219.0, 919.120002, 1025.6624, 945.779203
5, 1273.696, 1115.889605, 985.6544, 1088.1184015, 1169.048, 1182.0, 1299.0, 1305
.0, 1079.1184, -966.116814, -895.0640099999999, 969.1344, 1154.0, -1145.0, 1185.
0, 1050.787203, 1210.0, 1042.8128065, 1114.537607, 1088.88960945, 1119.0, 1178.0
, 1215.0, 948.7728, 1216.7728, 1181.1584, 1132.0000049999999, 1080.726403, -1187
.32, 1090.686405, 1037.2384055, 1073.0, 1215.0, 1301.0, 1164.686405, 1174.0, 117
6.0, 1184.0, 1174.0, 1211.5760035, 1279.0, 1016.1984, -1065.4144000000001, 1202.
0, 1041.000005, 1176.000005, 1106.8896, 1160.000005, 1057.1184, 1211.0, 1192.04,
 -839.304036, 1109.8192025, 800.427203, 1147.0, 1052.4496015, 872.2511985, 881.2
784005, 1197.04, 1072.6544036999999, 1213.0, 1303.0, 1145.7728, 1225.0, 1111.000
0049999999, 1209.0, 1309.04, 1126.6624, 1165.6944, 1058.7023975, 1196.0, 1040.04
8007, 1227.0, 1224.0, 1293.8896, 1216.0, 1172.04, 1193.0, 919.852803, 1161.1184,
 1133.1584, -1121.0, 1190.04, 1087.6544035, 1192.0, 797.28480828, 1203.2591995,
1150.0400038, 1213.0, 1079.0, 1074.0656, 1311.0, 1181.0, 1292.0, 1137.0000049999
999, 1252.0, 1194.6544, 1201.0, 1197.0, 1138.4336, 1220.0, 1339.0, 1115.6944025,
 1199.0, -1043.0, 951.3168035, 782.820798, 1112.6160025, 1051.008005, 996.355203
5, 1129.0, 1213.0, 1142.3536, 939.1184015, 1054.889605, 1220.008003, 1283.0, 119
7.1584, 1134.6943999999999, 1129.576005, 1130.0, 777.4992050000001, 1100.0, 1072
.584, 1113.0, 1176.0, 1011.8896, 1321.0, 984.6544, 1135.0, 1133.7023965, 1086.85
2805, 1191.0, 959.04, 1226.0, 1162.3808020000001, 1170.04, 1050.0000049999999, 1
037.7024000000001, 962.230405, 912.04, 1195.0, 1208.6544, 1218.0, 1160.1184, -11
18.985588, 1072.624, 1202.0, -1174.473626, 876.7744045000001, 1181.0, 1189.0, 10
69.5760035, -1177.55682, 1224.2207985, 1021.2448015, 1050.0000049999999, 1209.88
96, 1107.5520015, 1070.0000049999999, 1146.6544, 1113.6624, 876.128, 1163.0, 116
4.286397, 1043.6303970000001, 1286.0, 1250.04, 1202.0, -874.7504, 1133.8912065,
1207.12, -1165.7776, -1080.816, 1293.0, -1343.0, 1233.04, -1262.0, 1215.0, 1225.
08, 1190.8896065, 1316.0, 1152.3487949999999, 1019.000005, 1193.0, 1157.3536, 12
96.544, 1025.772805, 1313.0, 1346.0, -1144.6336000000001, 1173.1184015000001, 97
1.6864049999999, 1239.616, 1287.1184, 948.9695985000001, 1269.9296, 1327.0, 1241
.897605, 1177.0000049999999, 1260.0, 1265.0, 960.828807, 1286.1184, 1165.8896, 1
220.040004, 1257.1184, 1240.8192025, 1242.1184, 1289.1184, 1095.472, -1109.16001
6, -969.51044, 1217.552, 1283.04, 1276.0, 990.971205, 1089.401602, -1183.0, 1248
.0656, 1201.0, 1193.537607, 1116.1184, 1307.0, 1188.772805, 1183.04, 979.8624045
, 1173.686405, 1110.5280065, 1171.2384035, 1207.7728, 1153.632002, 1291.0, -1148
.9728, 1169.0, 1122.18401, 1104.6544, -1174.0, 1240.0080050000001, 1293.544, -88
5.4544, 1153.8896, 1325.0, 1282.0, 1109.128005, -1169.6224200000001, 1285.118406
5, -982.222404, 1222.804805, 893.0, 991.009605, 1306.0, 1131.0496025, 1165.1184,
 1131.0, 1022.2624085, 1220.0, -1034.0, 1189.0, 1092.3935985, 1251.0000049999999
, -1026.16804, 1283.0080050000001, 1042.9311985, 1252.0, 1117.9551999999999, 102
8.4336, 1101.230405, 1154.0, 1141.0, 1240.0, 776.3232074999999, 1113.6944, 1062.
0, 1153.9296, 1124.3088025, 224.526394, 1287.0, 1172.0, 1205.0, 1140.0, -1110.36
7992, 1003.433605, 1218.0, 1072.008005, 1145.0, -1134.0, 1157.0, 1211.0, 1151.08
8006, 937.7792035, 968.544, 992.6544, 955.5776, 1056.1184015, 1136.686405, 1175.
0, 1086.8896, 1124.9616, 1129.6544035, 1229.0, 1233.544005, 1180.0, 1096.544, 11
11.008, 1119.0000049999999, 1195.0, 1078.686409, 1257.0, 1118.7728, 1152.0, 1218
.0, 1177.3536, 1113.544003, 1149.3168, 1090.289604, 1213.0, 1082.4272, 1199.0, 1
086.126405, 1171.0, 1052.0000049999999, 1181.686405, 1197.0, 1109.0, 1151.820802
5, 1182.0, 1187.0, 1146.584, 1232.0, 1154.048, 1342.0, 1204.0, 1305.0, 1101.016,
 1101.7024000000001, 1219.0, 1223.0, 1206.0, 1204.0080050000001, 1174.544, 1145.
236805, 1187.0, 1304.0, 1159.008005, 1196.0, 1210.0, 1220.0, 1140.2832, 1217.0,
1173.0, 1142.7264030000001, 1192.0, 1097.889605, 1147.0, 1268.8896, 1180.0, 1145
.0, 1221.0, 1080.198405, 1064.8896065, 1103.119995, 1139.340803, 1189.0, 1264.66
24000000002, 1005.0, 1140.0, 1096.0, 1059.6544, 1096.3728085, 1102.544, 1143.0,
1205.0, 1249.0, 1083.1184065, 1175.1584, 1335.0, 1165.126405, 1070.4736, 1055.15
84, 1204.0, 1196.0, 1086.33920215, 1191.0, 1037.3808020000001, 1131.0, 1113.0400
04, 1022.7343950000001, 1302.686405, 1131.236805, 1059.4336, 1312.0, 1189.04, -1
132.745616, 1179.0, 1187.0, 1160.0, 1217.0, 1086.6944, 1119.0000049999999, 1130.
6944, 1168.1184, 996.166401, 1127.0, 1170.0, 1045.1184, 1115.008003, 985.513598,
 1122.544, 1077.8896, 1024.7504020000001, 921.1984, 1312.1183999999998, 1203.804
806, 1330.0, 1267.1184015, 1272.8896, 1187.1184065, 1162.1184065, 1266.000004999
9999, 1260.0, 1329.6544, 1339.0, 1118.348797, -913.995174, 1308.8896, 1315.0, 13
18.0, 1259.0, -898.0896, 958.7024, 1061.844807, -1031.00002, 996.008, 1299.0, -1
066.0, 1041.708805, 1302.0, 1251.624, -1123.0, -967.05762, 1260.0, 1285.779205,
1235.0, 1272.8896, 1222.6544, 880.2048025, 1202.6144, 1044.0, 1102.316806, 1179.
0, -868.62402, 1338.0, 990.2784025, 1302.0, 1083.04000975, -1282.32, 1311.0, 114
0.355205, 1230.0176020000001, 1198.686405, 1086.668805, 1242.008, 1130.008005, 1
190.0, 1078.040004, 1266.0, 1219.9616, 1316.0, 1342.0, -992.76962, 1284.686405,
-846.59042, 1245.0, -31.0, 1189.889605, 1224.236805, 1261.7792035, 1251.1264, 11
84.9696, 1341.0, -971.3968, 1283.1184, 936.5376025, 1246.8896015, 1305.8896, 110
3.174402, 1261.0000049999999, 1194.6544, 1338.0, 1304.0000049999999, 1197.0, -93
9.115192, 1192.6544, 1236.0, 1212.0, 1082.9056, 1213.04, 1155.0000049999999, 127
9.2831999999999, 1107.02240405, 1205.0, 1130.0, 1161.5760035, 1168.1184, 1211.0,
 1144.127998, 1177.0000049999999, 1092.6384, 1173.7264030000001, 1174.963195, 11
56.9456035, 1075.206398, 1116.686405, 1035.544, 1176.0016, 1072.0000049999999, 1
031.340803, 1175.6544, 1084.0, 1207.0, 1217.0, 1090.126405, 1221.0, 1167.0000049
999999, 1204.0, 1201.6544, 1105.3952035, 1119.4336, 1174.0, 1222.0, 1125.1184065
, 1199.088006, 1202.0, 1204.0, 1178.0, 1153.9696055, 996.008005, 1187.0000049999
999, 1027.481602, 976.0, 978.0896015, -1182.4736, 1291.8128, 1172.3536, 1218.0,
1184.8896, 1176.0, 1078.0, 1118.1184015, 1087.686405, 1184.1184015, 1072.734395,
 1147.779205, 1203.0, 1249.772805, 1068.6544000000001, 1229.4272, 1087.0, 1066.6
544, 1006.7728, 982.39040327, 1091.040004, 1061.1584, 948.8128, 1163.39359999999
99, 1029.686405, 1011.340803, 1169.0, 1088.616005, 1032.995202, 974.8896, -1033.
0, 1174.0, 1204.8896, 1130.0, 1050.0, 1121.04, 1322.0, 1163.04, -2.8272004999999
965, 1025.355205, 1162.0, 1104.3152049999999, 1003.9616015, 1225.0, -792.7456159
999999, 1116.8896, 1174.0, 1016.340803, 1108.2768035, 1130.0, 1323.0, -1191.192,
 1338.0, 1075.0000049999999, 1150.2768, -1004.55842, 678.7808, 1049.1184065, 108
0.0000049999999, 1140.0, 1104.0, 1100.0, 1097.0, 989.8896, 1070.6544, 1247.0, 11
83.6544, 1123.686405, -1113.6336, 904.929605, 1216.0, 1326.0, -1398.55042, 1301.
6544000000001, 1318.0, 922.5056, 1233.2048025, 1006.9456035, 1305.0, 1158.838405
, 1263.7264030000001, 1316.0, 1092.0800075, -919.5583972000001, 1221.048, -1090.
75998, 1269.6544, 1312.0, 1271.544, 1110.9056035, -935.32642, 1332.0, 1332.0, 13
44.0, 1276.04, -1094.0, 1203.6544, 1223.1584, 1277.04, 1165.7728, 1246.0496025,
1258.6624000000002, -1005.0, 1196.5439999999999, 1164.7024040000001, -873.769612
, -1124.9728, 1289.04, -1287.02402, -1313.8944000000001, 905.6864049999999, -154
1.0, -1291.0, -1302.497606, 1041.0, 1193.0, 1161.0, 1265.04, 1312.0, 1166.929603
, 1266.0, 1229.0, -1131.0, 947.750401, 1115.8672, 1227.0, 1221.6544, -1221.9536,
 -1191.4736, 940.427203, 1139.1264, 1135.9376015, 1263.04, 1287.0, -943.039994,
956.8688025, 794.28480768, 1308.0, 1159.6623985, 1330.8896, 1139.584002, -1250.2
3522, 1214.1184, -1166.295994, 1195.0, 1221.0, -1132.995194, 1207.0, 1209.0, 118
9.0, 893.774402, 1184.6544, 1112.6544, 1127.0, 1189.8896, 1198.0, -1023.745616,
1007.080003, 1144.1184, 1201.0, -1131.888, -1018.75042, 1162.0, 939.008, 1087.77
4403, 1348.0, 1225.0, 1227.0, 1042.008003, 1105.9696, 1145.3536, 1199.0, 1142.0,
 1110.7728, 975.000005, 1165.008005, 1210.0, 1201.0, 895.0, 1160.0000049999999,
1222.236805, 1170.0, 1226.0, 770.000005, 1117.3088, 1210.0, 1129.4192, 1177.8896
, 1079.686405, -1047.5584, 1162.0, 1232.0, 1187.7728, 1200.0, 1213.0, 1159.0, 12
97.0, 1143.686405, 1150.686405, 1032.348797, 1204.0, 1228.0, 1180.0, 995.3024068
, 1081.0, 1187.6544000000001, 1105.1184015, 847.8928015, 1281.0, 1336.0, 1020.36
00025, 1209.0, 1030.340803, 1269.0, 1220.0, 1126.5760035, 1271.355205, 1218.0, 1
049.6544, 1029.686405, 1194.0, 1121.929603, 1127.616005, 1172.0, 935.2432, 1223.
0, 1042.340803, 1193.0, 1158.0000049999999, 1185.0, 1123.6544, 954.686405, -1043
.0, 1107.0000049999999, 929.7024025000001, 1089.7072, 1136.008008, 1197.0, 1122.
7264030000001, 1035.473603, 1114.0, 1151.552005, 1194.0, 1102.0240085, 1071.0, 9
99.315205, 1105.008, 1140.6544, 1000.4816, 1250.686405, 1048.1664015000001, 1051
.5519985, 1122.008005, 1149.04, 1144.0000049999999, 1187.0, 1161.8896, 1147.0, 1
217.5439999999999, 1094.0, 1259.686405, 1090.859203, -1160.0, 1282.0, 1172.0, 11
98.0, 1076.0, 1257.3536, 1270.0, 1152.0, 1156.04, 963.5840045, 1217.0, 1176.0000
049999999, 1131.236805, 1164.04, 1164.0, 1142.2432, 1224.779205, 1085.04, 1132.0
, 887.0, 1108.8895999000001, -1008.156816, 1110.1184, 1205.0, 1146.0, 1057.04, 1
081.180803, 1175.6544, 1254.0000049999999, 1338.0, 1203.512, 1268.0, 1149.9616,
1217.1584, 1084.056, 960.0880015, 1178.0, 1103.5439999999999, 1198.0, 1028.95520
5, 1170.0000049999999, 1099.0, 1060.96, 1153.0, 1101.0, 822.6560000000001, 1137.
0, 1095.937605, 995.7728050000001, 1135.6544, 1130.048002, -1043.00002, 900.0080
05, 1100.9679975, 1083.380805, 1177.0, 1082.0, 1192.0, 1021.6944, 1069.000004999
9999, 1155.2432, 1162.0, -1050.2016, 1089.686405, 1305.6544, -1276.7360199999998
, 1049.889605, 1131.9312, 1173.0, 1215.0, 1244.0, 1137.0, 1096.686405, 1059.6544
, 1186.8896, 212.0, -1108.9728, 1225.0, 1216.0, 1005.428806, 1048.348805, -1091.
159996, 1337.0, -1195.617596, 1345.0, -897.0, 1300.0, -1123.888, 1270.888, 1221.
0, 1222.0, 1214.0, -981.6751919999999, 1186.04, 1213.0, 1213.0, 1203.6544, -1273
.774394, 1311.0, 1215.0, -1233.9728, 1188.1184, 1301.0, 1220.0, 817.3264, 1061.4
015995, -1238.4368, -1054.6000060000001, 1284.0, 1221.7264030000001, 1049.6544,
1277.0, -1270.16, 1121.0, 1291.0, 929.7360045, 1199.0, 1121.0, 1156.0, 1055.8896
, 917.82080625, 965.0656, 1285.0, 1103.889605, 996.024006, 1211.0, -1120.4464, 8
74.132805, 1221.040004, 1191.0, 1160.145602, 1086.686405, 1160.0, -1302.32, 1061
.9696000000001, 901.5839985, 1202.0, 1167.9616, 869.3168, 1200.0, -1234.74562, 1
152.04, -1186.0, 1214.0, 1027.521605, 1004.6160025, 1163.04, 861.9696055, 1324.0
, 1206.0, 962.4736025, 1095.8896, 1139.9616, 1193.0, 1289.0, 950.8512049999999,
1204.0, 793.6768, 1190.0, 1217.0, -1058.92002, 1154.1184, 1137.931205, -1220.505
6, -1103.74562, 920.1184065, 1161.8896, 1200.0, -1271.0, 1144.0, 1066.8336015, 1
173.0, 687.206398, 780.3936035, 836.963195, 1179.0, 1176.0, 1110.0, 922.6944, 11
77.0, 914.6320049999999, -1240.4144000000001, 1324.0, 1269.04, 1155.0, 1176.0, 8
71.9792, 1140.0, 775.348797, 999.1184, 1185.0, 1196.0, 1104.5439999999999, -1124
.6176, 1172.6944, -1092.745616, 1190.0000049999999, 1193.0, 1084.0, 1107.1184065
, 1087.82080565, 926.260799, 835.5216025, 1118.0, 1057.0, -1006.473606, 1084.772
8, 1103.7728, 1303.0, 1212.3536, 1130.8896, 1240.7728, -1211.473588, 1133.236808
, 1119.686405, 1296.0, -1040.4736, -1008.0, -1378.0, 1228.016005, 1209.702405, 9
10.584, 1109.6544, 1329.0, -1072.4016080000001, -1259.0, -1650.0, 1187.788802, 1
187.0656085, -1110.0912, 926.552008, -1007.192, -1255.0, 967.4352002, -1038.0, -
944.00002, -1266.0, -1220.0, 1255.0, 1138.8976, 1187.8896, 928.5456, 1322.0, -10
94.16, 1327.8896, 1200.6544, 960.740805, -1489.0, 1315.0, 1177.5200035, 926.4416
05, 1038.686405, 1251.0, 1292.0, -1633.1760199999999, 1175.5904025, 1113.3536, 1
160.401601, 1079.624005, 1238.08, 1272.6544, 1203.9696, 1174.353605, 1307.0, -78
1.137596, 1152.120002, 1196.5760035, 1172.584, 1097.08, 1105.897605, 1302.8896,
1210.174402, 1256.04, 1221.2512057, 1242.8192025, -1004.888, 1214.0, -1114.32, 1
296.1184, 1237.6544, 1198.2928025, 1257.8896065, 1240.080005, -1129.4736, 1166.6
62408, -1200.0, 1245.544, 1185.804805, 1238.4992035, 1153.90880215, 1233.889605,
 -1000.9184, 1199.0, 1095.4831975, 1179.7872055, 1196.7264030000001, 1199.04, -9
41.92002, 1145.0, 1196.6544, 1176.0, -1083.319992, 1207.7728, 1109.0, -1258.3199
92, 971.1584, -1061.745616, 1182.6544, 1015.6864049999999, 1237.544, 1084.544, 1
150.0, 1214.0, 1118.0, 1211.0, 1188.0, 1065.8896, 997.624002, 1090.0, -1013.6752
, 897.118411, 1200.04, 1085.3088, -1022.5584, -1101.0, 1204.0, 800.543998, 886.0
00005, 922.544, 1073.5760050000001, 1163.804805, 1322.0, 1189.8896065, 1325.0, -
1034.0576, 971.7728, -1066.031994, 1311.616, 1104.9632065, 1201.048, -1299.15999
6, -1159.61762, -1245.0, 1193.504005, 1178.8896, -1229.5584, 1049.544, 1124.0000
049999999, 1213.0, 1214.0, 1045.8608015, 1231.0, -1243.0, 1157.0, 993.3712, 1208
.0, 1212.0, -1186.2608, 1174.6544, 1163.5136, 1196.0, 1146.9616, 1201.6544, 1194
.6544, -1487.16, 1202.0, 1200.0, 1123.0, 981.726403, 1183.1184, 690.710400000000
2, 1248.6544, -1101.192028, 1210.0, 1071.814407, 1109.9551999999999, 946.7728, 1
139.1584, 628.7184035, 1179.0, 1191.0, 1197.0, 1163.0, 1048.9712, 1206.0, -956.0
0002, 1021.0799999999999, 1014.380802, 1041.9696, 939.702401, 1175.0, 1101.89279
75, 958.140805, 732.8688015, 1128.0, 1188.0, 1169.0, 1285.04, 1104.929603, 1225.
0, -1027.13761, 1190.1184, -1119.0, 1344.0, 1190.1184, -1235.438432, 1215.0, 122
1.0, -1045.39518, 941.4048015000001, 1191.0, 1208.0, 1191.9616, 1214.0, 1074.654
4035, 1136.0, 1218.0, 824.8528, 833.3024044, 1129.1184, 1153.0, 1167.6544, -1324
.7087999999999, -939.750402, -1157.27681, 1196.8896, -1276.777592, -1910.0, 1081
.4367969999998, 1187.0, 1317.1184, 1117.7088015, 1071.04, 1093.6944025, 1115.804
8045, -1060.630426, 999.316801, -1001.4736252, 1214.0, 1017.8912, 1039.1984, 102
6.9856052, 1108.0, 1188.1184, -949.41442, -1245.473606, 576.324805, 1114.8896, 8
88.9392, 1304.0, 1150.0, 1272.04, 974.6624035, 1155.686405, 501.9712035, 1142.11
84, 1228.0, -1180.44001, 1196.04, 1233.0000049999999, 1198.0, 1091.126405, 1205.
6544, -1064.012788, 1161.0, -1038.235192, 1066.4272, 1290.0, -1068.792, -1172.0,
 724.9696, -1165.36163, 887.2768, -1779.0, -1168.641606, 1066.9232075, 1082.8976
04, 1133.0, 1065.4335975, -1180.515206, 1220.0, -1009.0, 1259.0, 1084.6640025, 9
41.2448015, -1190.0, 996.3088, 1050.0000049999999, -1201.456, -1172.6176, 650.82
08050000001, 1123.04, -1103.5584, 1077.4672, 1219.0, 1104.04, -1154.5584, 1182.0
, 1184.0016, 888.859205, 1097.04, 729.8992049999999, 1075.1184015, 1205.0, 1057.
3616065, 1122.6544, 1140.0, -1360.63358, 1204.6544, -1110.2624, 1249.9616, -1390
.8464060000001, 1251.9376015, 929.048006, -1102.0, 1130.3536, 1133.0, 1104.68640
5, 1228.0, 1076.6944, 1220.0, -1337.0, -1111.217592, -1082.0, 1143.6064035, 1114
.4736015, 1200.236805, 946.0, 1184.1184, -1220.0, 1156.0416, -1346.0320000000002
, -1169.473606, -1040.0, -1301.4144000000001, 1154.8896, 1126.686405, 1061.00000
49999999, 1086.0, 1270.04, 943.7184050000001, -1061.718394, 923.6544, 1140.0, 10
80.0, 1183.889605, 1170.0, 1116.0, 1079.0, 1317.0, 1226.9616, 1159.9616, 935.889
6, 1157.0, 1206.0, 791.4336000000001, 1173.0, 1152.0, 1145.0, 1163.0, 1193.0, 11
52.0, 1299.0, 1150.0, 1275.1184015, -1128.497616, 1239.8496, 1139.9376015, 1193.
0, 1140.0, -1055.8544, 1311.0, 1112.6304030000001, 1196.0, 1028.2384, 901.126406
, 1113.3536, 1140.686405, 1089.6544035, 1187.0, -895.3520139999999, -1323.825612
, 1290.0, -1409.0, -1475.69283, 1326.1184, -1201.8688, -1259.0, -1239.0, 1294.0,
 1017.68800925, -1443.74562, -1143.61762, -941.75842, 1322.0, 1258.6544, -1167.1
76, 1308.0, -1178.1599999999999, 1283.0, -1166.335988, 1142.0, 1041.6544, 922.04
79985000001, -977.44, 1107.5919993, 1311.1183999999998, -1182.7087999999999, -14
96.0, -1079.2624, -1145.0, 1317.1184, 1015.631997, -1175.7936, -1072.55518, -145
7.0, 1340.0, -1693.7776, -1560.0, -82.0, 1300.0, -2179.6176, -2024.6336000000001
, -1440.00642, -1299.0736200000001, 1139.0, -1032.00002, 1205.0, 667.1584, 804.2
83204, 1215.6544, 842.702399, 1177.0, 1024.9632015, 1049.0, -1203.44001, 1051.93
7603, -1092.56322, 1141.512, -1005.176, 1150.04, 1186.0, 1110.0, -1284.633600000
0001, 1096.0, 973.158405, -1230.16, -1266.745616, -1036.00002, 425.1280014999998
7, 1230.3088, 1057.1984, -1097.5584, -1268.0, -2541.992, 1183.1184, 1040.0, -144
0.9984, 1288.0, 1217.1184, 1317.6544, 1292.0, 1312.0, 971.0880050000001, -1042.9
1362, 1261.0, 1228.1184, 1090.04, -1359.25922, 1183.8896, 1102.0096035, 1248.0,
1304.0, 908.04, -1155.9728, -1245.0, -1322.4736204, 1183.0, 1070.3616015, 1173.8
89605, 963.897604, 1185.0, -1089.777592, 1136.6544, -957.175992, 1088.7824, 1217
.8896, 1160.041605, 1293.0, 1135.6544036999999, 1225.04, 1226.9296, 1089.6960000
000001, 1108.2304025, -903.7424120000001, 1265.0, 1139.9696, 980.742406, 1205.11
84, 1320.0, 1320.6544, 1194.0, 1080.9296, 1061.8128, 921.126405, 1068.08, 1039.1
984, 994.7728000000001, 1070.1984045, -1418.2304279999998, -1067.0, 1201.1984, -
1190.0, 1209.6688, 1182.8192060000001, -976.3871800000001, 1106.668805, 1288.0,
1293.0, 1279.6544, 1171.1584, 1238.544, 1167.0, -1324.3952199999999, 1320.0, 104
5.5760035, 1171.8896065, 1270.9296, 1081.584003, 557.1824072500001, 1308.0, 1187
.6544, 1259.0, 1035.008005, 1087.929603, 1221.678405, 1170.8896015, 1158.0000049
999999, 1147.0, 1110.04, 1168.0, 1294.0, 1137.0, 1182.0, 1107.1184, 886.5520015,
 -1266.0, -947.5584163999999, 1180.8896, 1181.0, 979.88960885, 1171.0, 1130.5760
05, 1077.7872, 1135.00001, 1192.96, 1190.0, -1067.473606, -1139.00479, 602.38080
93, 933.3168, 966.8192025, -1014.159996, 1034.048, 1188.0, 1182.1584, 1177.0, 11
26.0, 1314.0, 1186.0, 1131.6544, 838.230405, 790.3103995, 1088.6544, 995.852805,
 1228.1184, 1157.6544, 1222.0, 1201.4336, 1149.9296, -1081.291204, 1348.0, 1270.
0, 1125.8896015, 1207.0, 1058.7264045, 1283.472, 1191.166404, 1223.04, 1187.6544
, 1109.0, 1203.7024025, 1115.3935999999999, 1342.0, 1041.686404, 1316.0, 1199.0,
 1114.000005, 1230.0, 1139.0, -1032.473606, 1095.0, 1177.0, -1142.0, 1311.0, 101
0.8208015, 1179.0, -1012.340792, -1217.0, 1160.017602, 1277.0, 1282.1184, 763.72
6403, 1127.0, 1120.04, 1186.0, 875.4896034999999, 1302.0, 968.2128, 1059.7792035
, 1180.0, 1037.1584, 1177.0, 997.5519985, 1189.3088, -1046.0, -1428.0, 1281.1184
, 1102.04, 1151.0656, 1277.0, 1153.8896, 1228.0480035, 1102.4016080000001, 1074.
7200075, 1061.5376025, 1202.1184, 1191.0, 1190.0, 1082.0, 1230.0, -1035.00002, 1
188.0, 943.0799999999999, 429.2144035, 818.0559985, 1124.2432, -1019.0912, 1258.
04, 946.897604, 1184.6544, 1097.0, 1257.1184, -1354.5583996, 1021.604805, 1162.0
4, -1552.6176, 873.72479985, -1080.0, -3567.0, 1018.096, 1042.24, -1379.0, -1177
.00002, 1247.166404, -1440.1599959999999, -1272.947212, 1304.0, -1747.0, -1298.0
, 1122.0, 1018.0, -1931.0911999999998, 885.0400000000001, 1136.0, -1750.6336, 10
41.04, 944.3936, -1203.4144, -1339.1600008, 1124.0, 1141.0, 1138.0, 1269.0, 1084
.0, -1370.32, 1197.0, -1269.0, 1190.686405, 1297.6544, 650.9536045, 984.9312, 99
8.6544, 1125.96, 970.804805, 1148.0, 1131.0, 1065.686405, 1011.96, 1260.0, 1184.
0, 1144.6544, 1042.9376015, 1149.0, 811.5583999999999, 1172.96, -1046.0, 1195.0,
 -1301.6336000000001, 1151.4272, 838.2704014999999, -1062.310424, 963.8128, 1139
.128, -1128.23522, 1302.04, -1014.00002, 1291.0, -1148.32, 1329.0, -1052.916774,
 -1117.0, 1219.0, 1310.04, -1003.5136200000001, -982.031974, 1042.2144035000001,
 -1119.192, 1178.04, 1195.686405, -1372.00002, 1166.779205, 1123.1184, 1158.6864
05, 1198.0, 1126.592003, 1177.6544, 1035.670405, 1185.0, 1170.04, -1354.89440000
00001, 1181.1184, 1187.0, -1192.02401, 1047.6544, 1239.04, 1068.552002, 933.6864
049999999, 1177.0, 1317.0, 1257.4336, 1212.0, 1004.000005, 1183.0, -1075.0, -108
3.14881, 1070.0, 1030.0, 1144.128, 1041.0, 1101.6544, 1199.0, 890.2320065, 1173.
0, 1219.0, 1127.9296, -1191.0, 1142.0, 1069.8976, 1184.0, 1180.04, 936.316800000
0001, 1080.1184, 1185.0, 967.040004, 1116.04, 991.7728, -1301.0, 1032.184005, 10
83.04, 974.0, 994.6544035, -1338.0, 1244.0, 1229.668805, 1015.5840000000001, 842
.248, 1083.0, 1184.0, 1193.0, 1106.0, 970.1184015, 1167.1184, 993.2448, 1169.126
4, -1174.4736014, 1167.0, 1064.1584, 1133.5760107, 1091.022405, 1147.0, 1195.04,
 1170.2048025, 1176.9616, 1079.766402, -1004.0, 1216.0, 1335.0, 1159.9616, 1137.
889605, -959.0, 1122.1184, 1300.0, 1218.0, 1177.6544, 1343.0, 1142.8896, 1148.69
44, 1220.0, 1203.6943999999999, 1230.0, 1066.889605, 1223.804805, 217.0, 1199.68
6405, 1286.6544, 1324.0, 1189.552005, 1184.6544, 1105.8896065, 1259.2432, -1039.
3680186000001, 1146.0, 1305.04, 143.748768, -1048.3999919999999, -1187.0, 1276.9
29603, 1191.969605, 1060.2432015, 1080.0, 1215.0, 1168.6544, 1172.0, 1003.048007
, 1064.742399, 1306.0, 1175.04, 1173.9296, -786.774406, -988.5584, -1099.6176, 1
210.0, 1077.284805, 1194.8128, 1204.0, 1196.0, 1068.6544, 1080.270405, 1125.0, 1
078.047999, 1021.3088, 1252.0, 1265.0, 1175.1184, 1149.7104, 1184.0, 1207.393599
9999999, 1085.0, 1087.0, 1193.0, 1146.804805, 1105.0, 1202.7344050000002, 1180.6
16, 1222.9696000000001, 1007.576009, 875.6784025000001, 1011.9295985, 1211.0, 11
88.0, 1003.049606, 1319.6544, 1091.5439999999999, -1211.0, 1092.1584050000001, 1
048.0, 937.819207, 1279.0, -1142.0, -1359.0, -1345.0, 1291.0, 1148.0, -1463.0]







enemy died

waiting..

Calling startMission for role 0
startMission called okay.
Calling startMission for role 1
Server not found - has the mission with role 0 been started yet?
Will wait and retry. 4 attempts left.
startMission called okay.
Waiting for the mission to start . . . .
Mission has started.
Repeat 1497 of 1500
NO NEW OBS

NO NEW OBS

Done Processing loop

player died

Calling startMission for role 0
Not enough available Minecraft instances running.
Will wait in case they are starting up. 4 attempts left.
startMission called okay.
Calling startMission for role 1
Server not found - has the mission with role 0 been started yet?
Will wait and retry. 4 attempts left.
startMission called okay.
Waiting for the mission to start . . .
Mission has started.
Repeat 1498 of 1500
NO NEW OBS

NO NEW OBS

Done Processing loop

player died

Calling startMission for role 0
startMission called okay.
Calling startMission for role 1
Server not found - has the mission with role 0 been started yet?
Will wait and retry. 4 attempts left.
startMission called okay.
Waiting for the mission to start . . .
Mission has started.
Repeat 1499 of 1500
NO NEW OBS

Done Processing loop

enemy died

waiting..

Calling startMission for role 0
startMission called okay.
Calling startMission for role 1
Server not found - has the mission with role 0 been started yet?
Will wait and retry. 4 attempts left.
startMission called okay.
Waiting for the mission to start . . . .
Mission has started.
Repeat 1500 of 1500
NO NEW OBS

NO NEW OBS

Done Processing loop

player died

Waiting for mission to end  Cumulative Reward:  1097430.9823516821
All rewards:
 [-1185.115184, -1969.8336199999999, -1252.280008, -1075.0, -1057.44006, -1500.8
319999999999, -899.660808, 1286.0, 781.6944, -1082.5584, 1203.0, 275.216, -1420.
8096, 1145.77921, 1062.2064075, 1022.505605, -1208.4736, 1134.9568, 955.3231985,
 -1128.66556, 997.7247981, 1013.9696, 1055.624001, 1162.1184, -1093.334420000000
1, 1318.0, 1165.6544, 1075.0, 808.081609, 1274.04, -1142.520006, 1215.3088, 1263
.8896, -1003.1696, 1244.1664015000001, 1280.6544, 1262.1184, 1266.04, 1158.08000
38, 1134.0, 631.3248000000001, 1138.427205, 1192.0, 1070.3168, 1023.0, 591.04000
5, 964.9072035, 1207.348805, -1091.96, 1216.015995, 1288.1984, 1099.019195, 920.
363195, -1131.0, 1286.8896, 1053.9376015, 967.3616075, 1145.236805, 1140.0, 890.
88961, 1087.600005, -1099.659194, 885.779213, 1134.668795, 853.5616, 103.6944029
9999985, -1217.8464000000001, 1077.5583925, 1250.4352025, -974.699252, 1005.04,
-1115.0, 1264.9696, 896.372792, 973.9712012, 945.449603, 1078.6240050000001, 877
.0799999999999, 767.63681, 1015.3104099999999, 1269.6544000000001, 963.126395, -
1096.0, 1190.08, 1256.159995, 1283.510395, 1241.04, 1080.016004, 1101.206403, 11
83.9296, 1221.0, 1012.174407, 1298.0, 1219.0, 903.6544, 1150.576004, 993.008005,
 920.39681, 972.0, 790.576005, 1193.04, 1310.04, 1100.8448, 1078.0, 968.68640999
99999, 904.5008085, -1167.28, 1124.0, 888.01921, 1172.6544, 1278.04, 1324.0, 117
0.512005, 1195.0, 984.1184065, 1078.8192, -1069.558426, 1175.0000049999999, 1198
.040005, 1257.04, -1094.334432, -1151.0, 1116.4336, 1007.04, 1173.0, -1034.9616,
 1208.0, -1099.032, -1167.088, -891.152036, 1173.9856015, 1094.6784015, 1286.0,
-905.2720059999999, 1206.008003, 1209.851203, 1218.0160065, 1102.0624035, 1258.3
536, 1274.8896065, 1221.3152049999999, -1019.408, 1123.475197, 1113.806405, 1282
.779205, -899.04644, 1152.0, 1156.0, -900.16162, -1164.0736, -999.996814, 1034.0
, 927.0096025, 1207.854405, 1233.04, 1186.55360335, 1039.8912, 1297.0, -1140.241
5999999998, -1295.7776, 1053.4816, 1278.0, 1031.1184, 1045.1184065, 1150.1184, -
1149.12006, 1093.134408, 1043.6304015, -999.64003, -1087.39524, 1132.0, 1288.087
9965, -1080.828812, 763.4752065, 1318.0, 1246.0, -1062.14402, 1119.4336, 1253.0,
 1229.6544, -1050.44002, 1049.3712025, -1187.928012, 1204.1184, 792.9392065, 108
0.78081, -1354.0, -1072.7071799999999, 1320.0, 1226.1584, 677.478402, -1252.216,
 1233.0, 967.1808, 1198.6544, 1235.584, 1262.0000049999999, 1196.0016, 1179.0240
05, 1099.228805, 1138.6544, -1152.88006, 1259.92006, -1085.464, 1088.68641, 938.
27041, 1212.008, 1155.1184, 1027.127995, -1248.39518, 1135.0, -1408.16002, 1168.
0, 1167.616005, 1182.0, 1283.7472, 1159.008, 1154.0, 955.4128075, 1174.0, 1217.0
8, 1109.9296, 1138.7728, -927.088006, 753.1872040000001, -960.812836, 1096.3536,
 -871.8144199999999, 1335.0, -1128.19362, 1262.0, 1170.0, -1121.16, 1128.1184, 7
77.3184000000001, 1223.0, 1069.929603, -1184.16, 1054.8976049999999, 964.467203,
 827.27840235, 1034.088002, -1119.51364, 950.276805, 1155.9296, 1270.7728, 1081.
04, 1170.1136035, 1187.0, 1128.9856, 1192.0, 928.206404, 1212.2784000000001, -10
99.16004, 1184.0, 1124.7808035, 1276.1184, 1022.544, 1205.8896, 1140.00000499999
99, 1120.04, 1195.9696, 1133.0, 1249.380805, 1078.2783975, 1138.6544, 954.908805
, 1170.0, 1094.606405, 1168.0, 1139.9376, 988.0, 1050.9376, 44.04000000000002, 1
240.340803, 1163.3296050000001, 1025.584, 1044.0880015, 1230.04, 1088.513595, -1
151.0, -1155.00802, 1226.00802, 194.8047856, 1296.04, 1310.0, 1113.08, 1068.4816
05, 1070.480005, -1128.04, 1187.348805, 1073.6944, 1244.0, -1154.54566, 1203.0,
-988.5168199999999, 1168.0, 1030.8224, 1190.7664, 1203.0, 1059.008, 1150.889595,
 1080.7408, 1205.0, 1045.2000189999999, 1169.85121, 1198.0, 1220.04, 1266.04, 10
53.1184, 515.9647970000001, 920.937604, -1191.0, 1138.0, 1090.0, 999.121605, 104
9.4032, 1035.61601, 1042.0, 1105.7872, 1107.8128, 1082.048, 835.056, -1071.32, 1
075.819205, 974.891205, 1191.11841, 1206.0, 1129.6943999999999, 1026.135995, -10
99.168004, 1316.0, 1084.0, 1169.04, 1249.7728, 1217.0, 1037.1184, 1153.6544, 108
0.67041, 1120.4976025, 952.89921, 1233.0, 1300.2784000000001, -980.606406, 587.4
368029999999, 1113.0, 1143.127995, -1206.94722, 911.963205, -1119.58082, 832.939
203, 969.310403, 1123.1184015000001, 1170.897605, 1176.040005, 1121.0, 1280.0400
05, 987.600005, 1208.6544, 1076.734395, 1074.686415, 1138.0, 1105.040005, 1160.0
, 995.5344050000001, 1178.0, 1162.8016035, 1112.2432015, 1121.0944, 1090.0, 1193
.0, 1054.6944, 1102.68641, 976.403195, -1126.7152, 1141.0, 1214.0, 985.1184, 113
9.2512, 1188.04, -1193.16, 1136.2, -1205.6336000000001, 1133.452805, 1108.0, 125
2.6944, 1119.3888, 1154.584, 1103.158405, 1103.8896, 1317.0, -1137.64957, 909.61
6, 1166.686405, 1181.8256000000001, 1134.592005, 1090.05601, 1099.662405, 1151.0
16, 1182.479995, 1217.0, 1091.6944, 1250.0000049999999, 1179.1184, 1186.6544, 13
23.0, 1155.782405, 1152.3488, 1322.3168, 1248.0, 1156.7728, 1170.0, 1101.7808049
999999, 1192.08, 1009.9792, 1189.0, 1074.088015, 1170.1184, 1252.04, 1156.009595
, 1164.9376, 1148.694405, 1186.0, 1138.8592025, 1109.624, -1359.0, 1179.3152, 11
00.7104, 1164.0, 1201.0, 1238.08, 1051.118405, 1145.782405, 1115.897605, 1214.04
8, 1040.0, -1073.756824, -1069.16, 1169.686405, -1021.081604, 1103.9296, 1154.96
8, 868.899205, 1270.04, 1195.048005, 1070.048, 948.294398, 885.230405, 931.11840
65, -1151.8848, -124.0, 1250.1584, 1272.1184, 1175.04, 1138.7728, 1094.2768, -12
40.88798, 1003.409585, 964.6064, 1274.0, -1173.0, 1119.0, 1324.0, 950.897605, 11
10.166404, 1087.251205, 900.5056045, -1306.57124, 1005.3808093, 1129.080004, 126
7.04, 1260.238405, 1334.0, 1155.6304049999999, 1191.6544, -1051.475212, 1125.008
0050000001, 1162.804805, 1268.0016, -990.190416, 59.53760500000001, 1279.04, 109
8.7903965, 981.72641, -1142.76, 1189.04, 939.2224007, 1185.9712, 1232.276805, 12
44.008, -1146.0, 1200.4592, 1106.9312, 1270.08, 1177.361605, 1147.6544, 1152.619
205, -950.76963, 1087.9296, 1162.0, 1233.481595, 1307.04, 1283.6944, -834.880028
8, 1070.0, 1195.0, -999.7057199999999, 906.3168, 953.244806, 1249.0016, -1220.0,
 1287.0, -985.5792, 1182.0, 1181.6272000000001, 1193.0, 1195.8896, -1097.7184, -
1124.44, -1234.92002, 1192.8896, -1034.488022, 1185.04, -1396.18562, -1120.94722
, 1211.0, -1440.00002, 1156.63202, 1108.7200025, 1280.9376, 1023.4208, 840.17600
25, 1080.1968, 1088.0000049999999, -931.276796, 1081.3152, 1112.118405, -1061.94
722, 976.820798, 824.1360050000001, 1190.68641, -1007.92002, 1184.0, 1256.04, 11
99.1680000000001, -906.265618, 1151.891205, 1054.4112, 1101.772805, 1095.512005,
 978.897605, 1188.3168, 1219.0, -1144.81918, 1114.804805, 954.8048, 1192.04, 129
2.243205, 1183.8192, 1204.0, 1170.7072, 1085.030405, 1149.68641, 1139.779205, 11
58.008003, 1190.9296, -1138.0, 1075.04, 1138.0, 972.566405, 1113.3631985, 1098.8
88005, -1176.655984, 1182.0, 1221.1200000000001, 1158.0, 1064.9056175, 1128.4816
, 1218.0, 1185.0, 1351.16, 1001.9296, 1194.0, -1156.0, 1148.369605, 1180.008, 13
05.04, -1086.375988, 1160.1184, 882.1504110000001, 937.7824, -1328.20002, 1174.0
8962, 1077.822395, 1294.8896049999998, 1197.048, 1146.6943999999999, 1179.04, 11
80.3312025, 1014.576005, 936.048007, 1108.7728, -1025.47362, 1215.0, 1118.0, 109
4.015995, 1200.0, 1146.0, 1128.361605, 1038.3312035, 991.8656, 1126.4336, 1020.0
48013, 1177.0, 1159.04, 1171.9616, 1112.0, 1054.04, 1220.0, -993.979206, 1225.0,
 866.500805, 1116.1184, 1077.0, 1017.9296, 1110.348805, 1081.3488, 1187.897595,
1347.0, 1247.0, 1231.726405, -1076.77762, 1178.308805, 1295.9616, 1312.0, -1193.
7456, 1181.0, 1007.4896015, 1170.1184, 1236.047995, -1057.0976, -1119.32, -1097.
68, -996.1200259999999, 969.420805, 1171.6544, 1316.0, 1055.236801, 1145.0, 1115
.873605, 1196.0, 1202.0, -1005.64001, 1232.8896, 1249.0, -1329.518428, 1195.0, 1
128.0, 1134.6544, 1131.4752015, -1125.4736, -967.940794, -1171.5744, 1050.6656,
-1147.1760100000001, -1416.32, -1139.0, -1143.0912, 949.9696, 945.243205, -1291.
16, 1136.1312, 1018.9616, -1047.865634, 1028.8976, 1131.6544, 1194.243205, -2568
.5983969999997, 829.7424024999999, -1376.43517, 1145.0, -1122.98722, -96.6624, -
1097.9088179999999, 1170.08, 1071.6624, -846.064026, 1085.544, -1191.48002, 934.
723203, 1194.0000049999999, -1262.0912, -971.892834, -1242.07362, -140.473595, -
1343.59838, -1310.7184, -1203.0, -1221.1248, -119.8816, 1126.859195, 967.49121,
965.120005, 995.080005, 1116.8544, 1057.206405, -1038.040028, 1092.2064, 1103.11
84, 1038.75200883, 1135.0, -1180.9584399999999, 1201.65441, 1110.480005, 1167.81
92025, 950.961605, 843.340803, -963.435235, 1142.8128, 1106.7728, 1274.6544, 120
2.0, 1149.272004, 1146.04, 1131.160015, 1232.1184, 1063.552005, -1002.507214, 11
35.0, 1116.616005, 1128.0, 1205.4016015, 1109.1984, 1154.3631970000001, 1186.0,
1170.371199, 1143.544, 1117.726403, 1109.8896015, 1185.6544, 1237.049605, 1170.8
51205, 1103.2048, 1233.8896, 1150.0, 1096.5760107, -1049.78402, 1081.7792035, -1
001.969592, 1119.0, 1169.9632075, -1104.31362, 5.873597499999995, 1155.5904, 121
9.056, -1135.4736, 1116.1184, 856.7424085, -1228.9984, 926.916802, 1214.0, 1173.
6304025, 1084.1584, 1083.35681, 118.33279399999999, 1143.53761, 1084.3952035, 10
03.3088025, 1011.1648082500001, 1163.0, -1051.05768, 973.34081, -1233.04, 1164.6
68795, 936.1728, 1112.6544, 762.5088000000001, 1047.04, 1074.844805, 799.1600000
000001, 1222.3536000000001, 824.7424, 871.3536, -1200.6336000000001, -977.06401,
 959.672002, -1055.048, 1081.3936035, -1379.1599999999999, -95.47359999999998, -
1050.61762, 964.1184000000001, -1097.9104, 1083.624, -1073.617606, -935.169612,
970.8927975, 759.1184050999999, 1111.6784025, 1162.977603, -1292.5744, 1218.0016
, 958.0080049999999, 896.134403, 1032.8912, -1054.2448, 1110.1184015000001, -131
3.83362, 1239.0, -1341.43364, 1122.6848420000001, 1283.0, 1255.0, 1154.0, -1105.
630428, 1019.4832, -1030.4143980000001, 171.52319999999997, 1226.584, 1177.0, 11
93.198395, 815.6896035, 988.2399965, 1098.4816, 1291.118405, 1123.8128, 1181.0,
1113.552005, 1210.04, 1292.6544, 1110.7871949999999, 1152.04, 1131.206405, 1032.
945605, 1075.0, 1064.198405, 1283.1056, 1168.1184, 1172.3552, 1087.648005, 1190.
0, 1156.0, 921.0400050000001, 941.480005, 1213.0, 1177.0, 1223.0, 1118.00801, 11
99.3935999999999, 1334.9616, 1192.4336, 1111.198395, 1133.0, 1058.942405, -1062.
80962, 1187.1184, 1206.0, 1103.08, 1150.08, -954.718406, 1180.0, 1117.422405, 12
06.2368, 1163.0, 1041.726415, -1215.0, 1171.3536, 1179.1184, 1089.0, 1230.008, 1
210.0, 1207.264005, 1167.9616, 1077.24, 1059.6784, 1214.0, 1194.544, 1195.0, 123
6.686405, 1095.126395, 1261.8736, 1015.686405, 707.4896050000001, 1086.3616, -10
81.0, 1098.0016, 1188.788807, 1178.0, 1155.889605, 1140.04, 1139.0, 1207.0, 1181
.68641, 970.4688035, 1206.0, -1181.0, 1067.1184, 1229.0, 1096.4368, 1154.1184, 1
160.236805, 208.766408, 1131.04, 1034.689605, 1081.361605, 1060.094405, 1040.891
2, 1104.057605, 1066.889605, 1100.92961, 906.696005, 1195.0, 1124.2368125, 1196.
0, 1296.04, 1180.243205, 1145.2768, 1186.0, 1090.9696, 1172.0, 1159.0, 1140.0, 1
048.04, 1307.04, 1177.3632, 1206.0, 1190.795205, 1111.0, 1169.04, -12.9999999999
99979, 1237.340805, 982.0, 1297.0, 870.1039995, 935.04, 864.7344015, 939.236808,
 -1151.61764, -1126.99842, 1032.851205, 1202.0, -1361.56002, -994.4, 1116.0, -12
02.40322, 0.798400000000008, 658.3328065000001, 1223.0, -968.777592, 1005.0, 106
3.2384, 1173.1184, 1263.2, 1113.0, 1252.0, 1234.04, 1206.0, 1215.0, 953.3008055,
 1106.6624, 1169.694395, 904.929605, 1203.0, 1103.947205, 1012.323205, 474.82719
999999995, 1124.81279, 1197.0, 1329.3536, 971.1200065, 1157.0, 915.972805, 1074.
4416, 1017.467195, 1157.44, 1178.0, 1083.750408, 1071.7728, 1148.0, 1127.04, -10
76.0384199999999, 1216.1184, 1193.0, 1263.0, 1205.0, 1117.6544, 1215.0, 1154.889
6, -69.99999999999999, 1127.1184, 1209.8896, 1111.8128, 1134.955205, 1176.6624,
1109.000005, 1205.0, 1282.0, 1040.8224, 1031.3552, 886.7824049999999, 971.9936,
1124.1184065, 1071.5984, 1165.0400085, 1157.0000049999999, 1111.276795, 1153.0,
1105.276795, 1153.0, 1172.04, 1199.686405, 1164.6544, 1185.0, 1155.1184, 1040.06
4, 1201.0, -1259.0, 1083.0559985, 1175.000005, 1164.6544, 1289.1183999999998, 12
89.04, 1082.897595, 1158.694395, 1053.04, 1213.0, 607.9472085, 1012.686405, 1164
.0, 897.3104125, 978.2704, 1143.0, 1180.264, 1210.0, 1104.046405, 1173.8896, 114
2.12, 1119.7728, 1012.232005, 1190.0, 1098.0, 1187.0, 1086.969595, 1036.008, 886
.6944025, 1297.8896, 982.238395, 1208.0, 1084.208, 1141.0, 1280.472, 1153.3088,
1120.206395, 1110.9616, 1288.353605, 1064.137605, 1168.3488, 772.5120000000001,
1215.0, 1172.0, 1170.8128, 1106.238395, 1139.6544, 1113.481605, 1072.937605, 110
1.656, 1123.0, 859.5520025, 1056.0496025, 1127.6544, 801.8848049999999, 1094.433
6, 1140.96321, 1093.61601, 1135.3536, 1092.0, 1203.040005, 1181.969605, 1019.694
395, 1161.9616, 1250.8976049999999, 1036.134405, 1320.0, 1112.7168, 1230.0, 1284
.118405, 1190.04, 1194.080005, 968.686405, 1232.0, 911.81601, -1018.19204, 1096.
0000049999999, 1047.4736, 1196.6624, 1240.040005, 1288.6943999999999, 1046.04000
4, 1221.0, 1014.3408079999999, 1333.0, 1217.0000049999999, 1214.576, -953.367992
, 1236.6944, 1361.0, 1315.1184, 1216.1184, 1188.3728065, 1119.017595, -1161.5151
716, -1438.0, 1207.9392, -1256.8928, -1372.0, 959.1264, 1067.0, 981.929605, 1012
.812795, 1159.001605, 1047.411205, 1140.889605, 988.7888057, 1032.766407, 1190.1
72805, 1141.752005, 1151.472, 1029.8912, 1246.0, -978.57604, 1144.04, 1154.69601
00000001, -1264.0, 1289.0, 1097.806405, 1173.0, 1240.0, 1033.694395, 1173.048, 1
277.040005, 1044.419205, 1290.0, 1323.16, 1154.812805, 1200.1584050000001, 1324.
08, 1040.8208075, 1159.93761, 1178.0, -1037.35842, 1154.0, 1238.969603, 1172.892
7975000001, 1103.448005, 1025.286395, 1172.0, 1267.812805, 1102.436805, 1213.126
4, 1313.8528000000001, 1029.6640025, 905.4336, 1149.8896, 1208.048, -1116.0, 128
2.0, 1183.04, 1214.0, 1265.9328, 1195.68641, -1098.16, 1213.0, 1240.0, 1024.3776
095, 1143.04, 1206.0, 1183.0, 1148.1184, 1094.5439999999999, 1083.00801, 1218.0,
 1191.0, 1213.0, 1117.0, 1015.37281, 1217.204805, 1182.969595, 1028.859205, -103
8.7072, 1159.0, 1122.820805, 1084.340805, 1128.931205, 1136.827195, 1052.9616, 1
286.6943999999999, 1195.008, 946.0, 1160.9296, 1159.0, 1089.5168, 1074.236805, 1
151.592, 976.7504035, 1200.0, 1207.656005, 1167.0, 1303.0, 1175.04, 1038.539204,
 1009.61601, 1219.472, 1123.8896, 1132.0, 1181.0, 1145.0, 1171.8976, 1060.0, 924
.84481, 998.9712, 1144.472, -1145.0912, -1039.62402, 919.6480035, -1218.0, -1290
.37438, 1189.0, 1180.0, 989.742405, -1112.48, -74.88159999999999, -1184.0, 1315.
04, -1309.4144000000001, 1188.705605, 1094.8672, 1243.0, 1236.0, 1023.630411, 12
44.0, 1104.3536, 1241.401602, 944.5936, 1136.0, 1153.616005, 1191.0000049999999,
 976.780808, -1152.6544028, 1123.97119, 1243.0, 675.8399999999999, 1240.6544, 12
43.0, -1345.5584, 1329.9616, 1153.1184, 1195.0, 1163.889595, -1134.04, 1158.1983
95, 1178.472, 1004.1584, 1227.0, 1098.9456025, -1534.5584, 1013.2512027, -1356.0
, 1039.85281, 1234.0, 1228.0, 1088.92961, 1116.244795, 1241.0, -1271.0, -1045.84
, 814.4336, 1146.0, 1127.0, 1210.6544, 1215.6944, 1204.0, 1077.9296, 1231.0, 107
0.592, 1207.04, -2076.04, 1235.0, 1202.0, 1203.0, 1105.779195, 1060.0, 1104.08,
1163.0, 1137.1184, 1116.08, 1303.0, 1110.80320775, -1000.5056040000001, 1147.0,
1197.6544, 1236.0, 1239.0, 1219.6544, -1377.0, 1126.401597, -1153.20958, 1278.0,
 1258.1584, -1125.384008, -1436.987214, 816.015995, 965.68641, 1142.9296, 1150.2
768, 1170.0, 1252.39041, 1125.2368, 1213.0, 1233.019205, -1219.0, 1162.0, 1300.0
4, -1196.16002, -1108.79998, 1331.0, -1099.1056, -1043.9376, 1066.6624, 1220.0,
1222.0, 1044.6544037, 1077.3935999999999, 1269.1584, 1264.0, 1046.37281, -1165.1
968200000001, 1106.323197, 1310.6544, 1173.1184, 1310.16, 1268.9296, 1220.0, -10
10.0096112, 1174.0, -967.72482, 1228.0, -869.0431960000001, 1184.6544, 1039.3248
05, 1191.8128, -1073.03198, 1302.0, -1131.0, 1191.04, 1044.5904025, -1044.160016
, 1031.04, -1137.16, 1218.208, 972.3952085, 1181.0, 991.380805, 1206.0656, 1202.
0, 1234.0, 1208.0, 1212.8896, 1196.0656, 1213.0, 1198.126395, 1144.0, 1178.00000
49999999, 1182.2048, 1188.1184, 1113.81281, 1243.0, 1157.788805, 1235.0, 1182.04
, 1155.1344, 1185.0, 1162.0000049999999, 1008.0656, -1124.0, -4.192, 1189.8896,
-1256.1599999999999, -1326.8336, 1176.0, 1299.0, 1175.5536, 1325.0, 951.107205,
1118.0, -1088.353594, 888.008005, -1247.0, -1154.6176, 1126.0, 1116.5999975, 990
.7472, -1217.4144000000001, 1030.0240035, -1118.2624, 1149.3168, 1095.7808015, -
883.785644, -1170.7936, -1179.7184, -1079.3728, 1217.0, 1090.8896, -1116.72, -12
05.84, 1107.2544050000001, 1205.0, 1285.04, -1172.6576, 1223.6544, 844.8895999,
521.5919993, 1182.0, 1238.7264089999999, 1226.0, 1143.8896, 1242.6544, 1153.04,
1308.16, 1160.0, 998.512, 1141.9696, 1193.0, 1295.0, 1065.1984, 1308.11839999999
98, 1131.0, 1258.08, 1287.68641, 1325.0, 1248.851205, 1297.1184, 1216.0, 1221.08
8, 996.158405, 1187.0, 1210.276805, 1232.584005, 1169.68641, 1184.1184, 1269.955
1999999999, 1162.6544, 1163.584, 1212.9376, 1150.0, 1191.99521, 1168.544, 1191.0
, 1193.9024100000001, 1241.8896, 892.8543985, 1189.68641, 1059.0, 1066.0, 1121.6
48005, 1145.8896, 966.935996, 853.812803, 995.60960675, 983.0, 1031.040005, 1060
.9712, 1184.812803, 1242.5904025, 1090.686405, 582.2144049999999, 1284.0656, 110
6.8896, -1050.77602, 1064.8912, 1052.23201, 1088.380802, -1090.2624, -1500.336,
-1189.4736, -1048.1327919999999, -1250.16, -1191.624, -42.61760000000002, -1257.
0, -131.8416, 1165.040005, 1161.0095999999999, -1219.0, 1131.2128, 1106.1184, 11
44.6304, -1238.032, -1475.96801, 1121.7024000000001, -1441.0]
A:\Users\Benjamin\AppData\Local\Programs\Python\Python36\python.exe: Error while
 finding module specification for 'generateEnvironment.py' (AttributeError: modu
le 'generateEnvironment' has no attribute '__path__')

A:\Documents\GitHub\ai-final-project>



[-1185.115184, -1969.8336199999999, -1252.280008, -1075.0, -1057.44006, -1500.8
319999999999, -899.660808, 1286.0, 781.6944, -1082.5584, 1203.0, 275.216, -1420.
8096, 1145.77921, 1062.2064075, 1022.505605, -1208.4736, 1134.9568, 955.3231985,
 -1128.66556, 997.7247981, 1013.9696, 1055.624001, 1162.1184, -1093.334420000000
1, 1318.0, 1165.6544, 1075.0, 808.081609, 1274.04, -1142.520006, 1215.3088, 1263
.8896, -1003.1696, 1244.1664015000001, 1280.6544, 1262.1184, 1266.04, 1158.08000
38, 1134.0, 631.3248000000001, 1138.427205, 1192.0, 1070.3168, 1023.0, 591.04000
5, 964.9072035, 1207.348805, -1091.96, 1216.015995, 1288.1984, 1099.019195, 920.
363195, -1131.0, 1286.8896, 1053.9376015, 967.3616075, 1145.236805, 1140.0, 890.
88961, 1087.600005, -1099.659194, 885.779213, 1134.668795, 853.5616, 103.6944029
9999985, -1217.8464000000001, 1077.5583925, 1250.4352025, -974.699252, 1005.04,
-1115.0, 1264.9696, 896.372792, 973.9712012, 945.449603, 1078.6240050000001, 877
.0799999999999, 767.63681, 1015.3104099999999, 1269.6544000000001, 963.126395, -
1096.0, 1190.08, 1256.159995, 1283.510395, 1241.04, 1080.016004, 1101.206403, 11
83.9296, 1221.0, 1012.174407, 1298.0, 1219.0, 903.6544, 1150.576004, 993.008005,
 920.39681, 972.0, 790.576005, 1193.04, 1310.04, 1100.8448, 1078.0, 968.68640999
99999, 904.5008085, -1167.28, 1124.0, 888.01921, 1172.6544, 1278.04, 1324.0, 117
0.512005, 1195.0, 984.1184065, 1078.8192, -1069.558426, 1175.0000049999999, 1198
.040005, 1257.04, -1094.334432, -1151.0, 1116.4336, 1007.04, 1173.0, -1034.9616,
 1208.0, -1099.032, -1167.088, -891.152036, 1173.9856015, 1094.6784015, 1286.0,
-905.2720059999999, 1206.008003, 1209.851203, 1218.0160065, 1102.0624035, 1258.3
536, 1274.8896065, 1221.3152049999999, -1019.408, 1123.475197, 1113.806405, 1282
.779205, -899.04644, 1152.0, 1156.0, -900.16162, -1164.0736, -999.996814, 1034.0
, 927.0096025, 1207.854405, 1233.04, 1186.55360335, 1039.8912, 1297.0, -1140.241
5999999998, -1295.7776, 1053.4816, 1278.0, 1031.1184, 1045.1184065, 1150.1184, -
1149.12006, 1093.134408, 1043.6304015, -999.64003, -1087.39524, 1132.0, 1288.087
9965, -1080.828812, 763.4752065, 1318.0, 1246.0, -1062.14402, 1119.4336, 1253.0,
 1229.6544, -1050.44002, 1049.3712025, -1187.928012, 1204.1184, 792.9392065, 108
0.78081, -1354.0, -1072.7071799999999, 1320.0, 1226.1584, 677.478402, -1252.216,
 1233.0, 967.1808, 1198.6544, 1235.584, 1262.0000049999999, 1196.0016, 1179.0240
05, 1099.228805, 1138.6544, -1152.88006, 1259.92006, -1085.464, 1088.68641, 938.
27041, 1212.008, 1155.1184, 1027.127995, -1248.39518, 1135.0, -1408.16002, 1168.
0, 1167.616005, 1182.0, 1283.7472, 1159.008, 1154.0, 955.4128075, 1174.0, 1217.0
8, 1109.9296, 1138.7728, -927.088006, 753.1872040000001, -960.812836, 1096.3536,
 -871.8144199999999, 1335.0, -1128.19362, 1262.0, 1170.0, -1121.16, 1128.1184, 7
77.3184000000001, 1223.0, 1069.929603, -1184.16, 1054.8976049999999, 964.467203,
 827.27840235, 1034.088002, -1119.51364, 950.276805, 1155.9296, 1270.7728, 1081.
04, 1170.1136035, 1187.0, 1128.9856, 1192.0, 928.206404, 1212.2784000000001, -10
99.16004, 1184.0, 1124.7808035, 1276.1184, 1022.544, 1205.8896, 1140.00000499999
99, 1120.04, 1195.9696, 1133.0, 1249.380805, 1078.2783975, 1138.6544, 954.908805
, 1170.0, 1094.606405, 1168.0, 1139.9376, 988.0, 1050.9376, 44.04000000000002, 1
240.340803, 1163.3296050000001, 1025.584, 1044.0880015, 1230.04, 1088.513595, -1
151.0, -1155.00802, 1226.00802, 194.8047856, 1296.04, 1310.0, 1113.08, 1068.4816
05, 1070.480005, -1128.04, 1187.348805, 1073.6944, 1244.0, -1154.54566, 1203.0,
-988.5168199999999, 1168.0, 1030.8224, 1190.7664, 1203.0, 1059.008, 1150.889595,
 1080.7408, 1205.0, 1045.2000189999999, 1169.85121, 1198.0, 1220.04, 1266.04, 10
53.1184, 515.9647970000001, 920.937604, -1191.0, 1138.0, 1090.0, 999.121605, 104
9.4032, 1035.61601, 1042.0, 1105.7872, 1107.8128, 1082.048, 835.056, -1071.32, 1
075.819205, 974.891205, 1191.11841, 1206.0, 1129.6943999999999, 1026.135995, -10
99.168004, 1316.0, 1084.0, 1169.04, 1249.7728, 1217.0, 1037.1184, 1153.6544, 108
0.67041, 1120.4976025, 952.89921, 1233.0, 1300.2784000000001, -980.606406, 587.4
368029999999, 1113.0, 1143.127995, -1206.94722, 911.963205, -1119.58082, 832.939
203, 969.310403, 1123.1184015000001, 1170.897605, 1176.040005, 1121.0, 1280.0400
05, 987.600005, 1208.6544, 1076.734395, 1074.686415, 1138.0, 1105.040005, 1160.0
, 995.5344050000001, 1178.0, 1162.8016035, 1112.2432015, 1121.0944, 1090.0, 1193
.0, 1054.6944, 1102.68641, 976.403195, -1126.7152, 1141.0, 1214.0, 985.1184, 113
9.2512, 1188.04, -1193.16, 1136.2, -1205.6336000000001, 1133.452805, 1108.0, 125
2.6944, 1119.3888, 1154.584, 1103.158405, 1103.8896, 1317.0, -1137.64957, 909.61
6, 1166.686405, 1181.8256000000001, 1134.592005, 1090.05601, 1099.662405, 1151.0
16, 1182.479995, 1217.0, 1091.6944, 1250.0000049999999, 1179.1184, 1186.6544, 13
23.0, 1155.782405, 1152.3488, 1322.3168, 1248.0, 1156.7728, 1170.0, 1101.7808049
999999, 1192.08, 1009.9792, 1189.0, 1074.088015, 1170.1184, 1252.04, 1156.009595
, 1164.9376, 1148.694405, 1186.0, 1138.8592025, 1109.624, -1359.0, 1179.3152, 11
00.7104, 1164.0, 1201.0, 1238.08, 1051.118405, 1145.782405, 1115.897605, 1214.04
8, 1040.0, -1073.756824, -1069.16, 1169.686405, -1021.081604, 1103.9296, 1154.96
8, 868.899205, 1270.04, 1195.048005, 1070.048, 948.294398, 885.230405, 931.11840
65, -1151.8848, -124.0, 1250.1584, 1272.1184, 1175.04, 1138.7728, 1094.2768, -12
40.88798, 1003.409585, 964.6064, 1274.0, -1173.0, 1119.0, 1324.0, 950.897605, 11
10.166404, 1087.251205, 900.5056045, -1306.57124, 1005.3808093, 1129.080004, 126
7.04, 1260.238405, 1334.0, 1155.6304049999999, 1191.6544, -1051.475212, 1125.008
0050000001, 1162.804805, 1268.0016, -990.190416, 59.53760500000001, 1279.04, 109
8.7903965, 981.72641, -1142.76, 1189.04, 939.2224007, 1185.9712, 1232.276805, 12
44.008, -1146.0, 1200.4592, 1106.9312, 1270.08, 1177.361605, 1147.6544, 1152.619
205, -950.76963, 1087.9296, 1162.0, 1233.481595, 1307.04, 1283.6944, -834.880028
8, 1070.0, 1195.0, -999.7057199999999, 906.3168, 953.244806, 1249.0016, -1220.0,
 1287.0, -985.5792, 1182.0, 1181.6272000000001, 1193.0, 1195.8896, -1097.7184, -
1124.44, -1234.92002, 1192.8896, -1034.488022, 1185.04, -1396.18562, -1120.94722
, 1211.0, -1440.00002, 1156.63202, 1108.7200025, 1280.9376, 1023.4208, 840.17600
25, 1080.1968, 1088.0000049999999, -931.276796, 1081.3152, 1112.118405, -1061.94
722, 976.820798, 824.1360050000001, 1190.68641, -1007.92002, 1184.0, 1256.04, 11
99.1680000000001, -906.265618, 1151.891205, 1054.4112, 1101.772805, 1095.512005,
 978.897605, 1188.3168, 1219.0, -1144.81918, 1114.804805, 954.8048, 1192.04, 129
2.243205, 1183.8192, 1204.0, 1170.7072, 1085.030405, 1149.68641, 1139.779205, 11
58.008003, 1190.9296, -1138.0, 1075.04, 1138.0, 972.566405, 1113.3631985, 1098.8
88005, -1176.655984, 1182.0, 1221.1200000000001, 1158.0, 1064.9056175, 1128.4816
, 1218.0, 1185.0, 1351.16, 1001.9296, 1194.0, -1156.0, 1148.369605, 1180.008, 13
05.04, -1086.375988, 1160.1184, 882.1504110000001, 937.7824, -1328.20002, 1174.0
8962, 1077.822395, 1294.8896049999998, 1197.048, 1146.6943999999999, 1179.04, 11
80.3312025, 1014.576005, 936.048007, 1108.7728, -1025.47362, 1215.0, 1118.0, 109
4.015995, 1200.0, 1146.0, 1128.361605, 1038.3312035, 991.8656, 1126.4336, 1020.0
48013, 1177.0, 1159.04, 1171.9616, 1112.0, 1054.04, 1220.0, -993.979206, 1225.0,
 866.500805, 1116.1184, 1077.0, 1017.9296, 1110.348805, 1081.3488, 1187.897595,
1347.0, 1247.0, 1231.726405, -1076.77762, 1178.308805, 1295.9616, 1312.0, -1193.
7456, 1181.0, 1007.4896015, 1170.1184, 1236.047995, -1057.0976, -1119.32, -1097.
68, -996.1200259999999, 969.420805, 1171.6544, 1316.0, 1055.236801, 1145.0, 1115
.873605, 1196.0, 1202.0, -1005.64001, 1232.8896, 1249.0, -1329.518428, 1195.0, 1
128.0, 1134.6544, 1131.4752015, -1125.4736, -967.940794, -1171.5744, 1050.6656,
-1147.1760100000001, -1416.32, -1139.0, -1143.0912, 949.9696, 945.243205, -1291.
16, 1136.1312, 1018.9616, -1047.865634, 1028.8976, 1131.6544, 1194.243205, -2568
.5983969999997, 829.7424024999999, -1376.43517, 1145.0, -1122.98722, -96.6624, -
1097.9088179999999, 1170.08, 1071.6624, -846.064026, 1085.544, -1191.48002, 934.
723203, 1194.0000049999999, -1262.0912, -971.892834, -1242.07362, -140.473595, -
1343.59838, -1310.7184, -1203.0, -1221.1248, -119.8816, 1126.859195, 967.49121,
965.120005, 995.080005, 1116.8544, 1057.206405, -1038.040028, 1092.2064, 1103.11
84, 1038.75200883, 1135.0, -1180.9584399999999, 1201.65441, 1110.480005, 1167.81
92025, 950.961605, 843.340803, -963.435235, 1142.8128, 1106.7728, 1274.6544, 120
2.0, 1149.272004, 1146.04, 1131.160015, 1232.1184, 1063.552005, -1002.507214, 11
35.0, 1116.616005, 1128.0, 1205.4016015, 1109.1984, 1154.3631970000001, 1186.0,
1170.371199, 1143.544, 1117.726403, 1109.8896015, 1185.6544, 1237.049605, 1170.8
51205, 1103.2048, 1233.8896, 1150.0, 1096.5760107, -1049.78402, 1081.7792035, -1
001.969592, 1119.0, 1169.9632075, -1104.31362, 5.873597499999995, 1155.5904, 121
9.056, -1135.4736, 1116.1184, 856.7424085, -1228.9984, 926.916802, 1214.0, 1173.
6304025, 1084.1584, 1083.35681, 118.33279399999999, 1143.53761, 1084.3952035, 10
03.3088025, 1011.1648082500001, 1163.0, -1051.05768, 973.34081, -1233.04, 1164.6
68795, 936.1728, 1112.6544, 762.5088000000001, 1047.04, 1074.844805, 799.1600000
000001, 1222.3536000000001, 824.7424, 871.3536, -1200.6336000000001, -977.06401,
 959.672002, -1055.048, 1081.3936035, -1379.1599999999999, -95.47359999999998, -
1050.61762, 964.1184000000001, -1097.9104, 1083.624, -1073.617606, -935.169612,
970.8927975, 759.1184050999999, 1111.6784025, 1162.977603, -1292.5744, 1218.0016
, 958.0080049999999, 896.134403, 1032.8912, -1054.2448, 1110.1184015000001, -131
3.83362, 1239.0, -1341.43364, 1122.6848420000001, 1283.0, 1255.0, 1154.0, -1105.
630428, 1019.4832, -1030.4143980000001, 171.52319999999997, 1226.584, 1177.0, 11
93.198395, 815.6896035, 988.2399965, 1098.4816, 1291.118405, 1123.8128, 1181.0,
1113.552005, 1210.04, 1292.6544, 1110.7871949999999, 1152.04, 1131.206405, 1032.
945605, 1075.0, 1064.198405, 1283.1056, 1168.1184, 1172.3552, 1087.648005, 1190.
0, 1156.0, 921.0400050000001, 941.480005, 1213.0, 1177.0, 1223.0, 1118.00801, 11
99.3935999999999, 1334.9616, 1192.4336, 1111.198395, 1133.0, 1058.942405, -1062.
80962, 1187.1184, 1206.0, 1103.08, 1150.08, -954.718406, 1180.0, 1117.422405, 12
06.2368, 1163.0, 1041.726415, -1215.0, 1171.3536, 1179.1184, 1089.0, 1230.008, 1
210.0, 1207.264005, 1167.9616, 1077.24, 1059.6784, 1214.0, 1194.544, 1195.0, 123
6.686405, 1095.126395, 1261.8736, 1015.686405, 707.4896050000001, 1086.3616, -10
81.0, 1098.0016, 1188.788807, 1178.0, 1155.889605, 1140.04, 1139.0, 1207.0, 1181
.68641, 970.4688035, 1206.0, -1181.0, 1067.1184, 1229.0, 1096.4368, 1154.1184, 1
160.236805, 208.766408, 1131.04, 1034.689605, 1081.361605, 1060.094405, 1040.891
2, 1104.057605, 1066.889605, 1100.92961, 906.696005, 1195.0, 1124.2368125, 1196.
0, 1296.04, 1180.243205, 1145.2768, 1186.0, 1090.9696, 1172.0, 1159.0, 1140.0, 1
048.04, 1307.04, 1177.3632, 1206.0, 1190.795205, 1111.0, 1169.04, -12.9999999999
99979, 1237.340805, 982.0, 1297.0, 870.1039995, 935.04, 864.7344015, 939.236808,
 -1151.61764, -1126.99842, 1032.851205, 1202.0, -1361.56002, -994.4, 1116.0, -12
02.40322, 0.798400000000008, 658.3328065000001, 1223.0, -968.777592, 1005.0, 106
3.2384, 1173.1184, 1263.2, 1113.0, 1252.0, 1234.04, 1206.0, 1215.0, 953.3008055,
 1106.6624, 1169.694395, 904.929605, 1203.0, 1103.947205, 1012.323205, 474.82719
999999995, 1124.81279, 1197.0, 1329.3536, 971.1200065, 1157.0, 915.972805, 1074.
4416, 1017.467195, 1157.44, 1178.0, 1083.750408, 1071.7728, 1148.0, 1127.04, -10
76.0384199999999, 1216.1184, 1193.0, 1263.0, 1205.0, 1117.6544, 1215.0, 1154.889
6, -69.99999999999999, 1127.1184, 1209.8896, 1111.8128, 1134.955205, 1176.6624,
1109.000005, 1205.0, 1282.0, 1040.8224, 1031.3552, 886.7824049999999, 971.9936,
1124.1184065, 1071.5984, 1165.0400085, 1157.0000049999999, 1111.276795, 1153.0,
1105.276795, 1153.0, 1172.04, 1199.686405, 1164.6544, 1185.0, 1155.1184, 1040.06
4, 1201.0, -1259.0, 1083.0559985, 1175.000005, 1164.6544, 1289.1183999999998, 12
89.04, 1082.897595, 1158.694395, 1053.04, 1213.0, 607.9472085, 1012.686405, 1164
.0, 897.3104125, 978.2704, 1143.0, 1180.264, 1210.0, 1104.046405, 1173.8896, 114
2.12, 1119.7728, 1012.232005, 1190.0, 1098.0, 1187.0, 1086.969595, 1036.008, 886
.6944025, 1297.8896, 982.238395, 1208.0, 1084.208, 1141.0, 1280.472, 1153.3088,
1120.206395, 1110.9616, 1288.353605, 1064.137605, 1168.3488, 772.5120000000001,
1215.0, 1172.0, 1170.8128, 1106.238395, 1139.6544, 1113.481605, 1072.937605, 110
1.656, 1123.0, 859.5520025, 1056.0496025, 1127.6544, 801.8848049999999, 1094.433
6, 1140.96321, 1093.61601, 1135.3536, 1092.0, 1203.040005, 1181.969605, 1019.694
395, 1161.9616, 1250.8976049999999, 1036.134405, 1320.0, 1112.7168, 1230.0, 1284
.118405, 1190.04, 1194.080005, 968.686405, 1232.0, 911.81601, -1018.19204, 1096.
0000049999999, 1047.4736, 1196.6624, 1240.040005, 1288.6943999999999, 1046.04000
4, 1221.0, 1014.3408079999999, 1333.0, 1217.0000049999999, 1214.576, -953.367992
, 1236.6944, 1361.0, 1315.1184, 1216.1184, 1188.3728065, 1119.017595, -1161.5151
716, -1438.0, 1207.9392, -1256.8928, -1372.0, 959.1264, 1067.0, 981.929605, 1012
.812795, 1159.001605, 1047.411205, 1140.889605, 988.7888057, 1032.766407, 1190.1
72805, 1141.752005, 1151.472, 1029.8912, 1246.0, -978.57604, 1144.04, 1154.69601
00000001, -1264.0, 1289.0, 1097.806405, 1173.0, 1240.0, 1033.694395, 1173.048, 1
277.040005, 1044.419205, 1290.0, 1323.16, 1154.812805, 1200.1584050000001, 1324.
08, 1040.8208075, 1159.93761, 1178.0, -1037.35842, 1154.0, 1238.969603, 1172.892
7975000001, 1103.448005, 1025.286395, 1172.0, 1267.812805, 1102.436805, 1213.126
4, 1313.8528000000001, 1029.6640025, 905.4336, 1149.8896, 1208.048, -1116.0, 128
2.0, 1183.04, 1214.0, 1265.9328, 1195.68641, -1098.16, 1213.0, 1240.0, 1024.3776
095, 1143.04, 1206.0, 1183.0, 1148.1184, 1094.5439999999999, 1083.00801, 1218.0,
 1191.0, 1213.0, 1117.0, 1015.37281, 1217.204805, 1182.969595, 1028.859205, -103
8.7072, 1159.0, 1122.820805, 1084.340805, 1128.931205, 1136.827195, 1052.9616, 1
286.6943999999999, 1195.008, 946.0, 1160.9296, 1159.0, 1089.5168, 1074.236805, 1
151.592, 976.7504035, 1200.0, 1207.656005, 1167.0, 1303.0, 1175.04, 1038.539204,
 1009.61601, 1219.472, 1123.8896, 1132.0, 1181.0, 1145.0, 1171.8976, 1060.0, 924
.84481, 998.9712, 1144.472, -1145.0912, -1039.62402, 919.6480035, -1218.0, -1290
.37438, 1189.0, 1180.0, 989.742405, -1112.48, -74.88159999999999, -1184.0, 1315.
04, -1309.4144000000001, 1188.705605, 1094.8672, 1243.0, 1236.0, 1023.630411, 12
44.0, 1104.3536, 1241.401602, 944.5936, 1136.0, 1153.616005, 1191.0000049999999,
 976.780808, -1152.6544028, 1123.97119, 1243.0, 675.8399999999999, 1240.6544, 12
43.0, -1345.5584, 1329.9616, 1153.1184, 1195.0, 1163.889595, -1134.04, 1158.1983
95, 1178.472, 1004.1584, 1227.0, 1098.9456025, -1534.5584, 1013.2512027, -1356.0
, 1039.85281, 1234.0, 1228.0, 1088.92961, 1116.244795, 1241.0, -1271.0, -1045.84
, 814.4336, 1146.0, 1127.0, 1210.6544, 1215.6944, 1204.0, 1077.9296, 1231.0, 107
0.592, 1207.04, -2076.04, 1235.0, 1202.0, 1203.0, 1105.779195, 1060.0, 1104.08,
1163.0, 1137.1184, 1116.08, 1303.0, 1110.80320775, -1000.5056040000001, 1147.0,
1197.6544, 1236.0, 1239.0, 1219.6544, -1377.0, 1126.401597, -1153.20958, 1278.0,
 1258.1584, -1125.384008, -1436.987214, 816.015995, 965.68641, 1142.9296, 1150.2
768, 1170.0, 1252.39041, 1125.2368, 1213.0, 1233.019205, -1219.0, 1162.0, 1300.0
4, -1196.16002, -1108.79998, 1331.0, -1099.1056, -1043.9376, 1066.6624, 1220.0,
1222.0, 1044.6544037, 1077.3935999999999, 1269.1584, 1264.0, 1046.37281, -1165.1
968200000001, 1106.323197, 1310.6544, 1173.1184, 1310.16, 1268.9296, 1220.0, -10
10.0096112, 1174.0, -967.72482, 1228.0, -869.0431960000001, 1184.6544, 1039.3248
05, 1191.8128, -1073.03198, 1302.0, -1131.0, 1191.04, 1044.5904025, -1044.160016
, 1031.04, -1137.16, 1218.208, 972.3952085, 1181.0, 991.380805, 1206.0656, 1202.
0, 1234.0, 1208.0, 1212.8896, 1196.0656, 1213.0, 1198.126395, 1144.0, 1178.00000
49999999, 1182.2048, 1188.1184, 1113.81281, 1243.0, 1157.788805, 1235.0, 1182.04
, 1155.1344, 1185.0, 1162.0000049999999, 1008.0656, -1124.0, -4.192, 1189.8896,
-1256.1599999999999, -1326.8336, 1176.0, 1299.0, 1175.5536, 1325.0, 951.107205,
1118.0, -1088.353594, 888.008005, -1247.0, -1154.6176, 1126.0, 1116.5999975, 990
.7472, -1217.4144000000001, 1030.0240035, -1118.2624, 1149.3168, 1095.7808015, -
883.785644, -1170.7936, -1179.7184, -1079.3728, 1217.0, 1090.8896, -1116.72, -12
05.84, 1107.2544050000001, 1205.0, 1285.04, -1172.6576, 1223.6544, 844.8895999,
521.5919993, 1182.0, 1238.7264089999999, 1226.0, 1143.8896, 1242.6544, 1153.04,
1308.16, 1160.0, 998.512, 1141.9696, 1193.0, 1295.0, 1065.1984, 1308.11839999999
98, 1131.0, 1258.08, 1287.68641, 1325.0, 1248.851205, 1297.1184, 1216.0, 1221.08
8, 996.158405, 1187.0, 1210.276805, 1232.584005, 1169.68641, 1184.1184, 1269.955
1999999999, 1162.6544, 1163.584, 1212.9376, 1150.0, 1191.99521, 1168.544, 1191.0
, 1193.9024100000001, 1241.8896, 892.8543985, 1189.68641, 1059.0, 1066.0, 1121.6
48005, 1145.8896, 966.935996, 853.812803, 995.60960675, 983.0, 1031.040005, 1060
.9712, 1184.812803, 1242.5904025, 1090.686405, 582.2144049999999, 1284.0656, 110
6.8896, -1050.77602, 1064.8912, 1052.23201, 1088.380802, -1090.2624, -1500.336,
-1189.4736, -1048.1327919999999, -1250.16, -1191.624, -42.61760000000002, -1257.
0, -131.8416, 1165.040005, 1161.0095999999999, -1219.0, 1131.2128, 1106.1184, 11
44.6304, -1238.032, -1475.96801, 1121.7024000000001, -1441.0]


